image,r,g,b
01_7749.PNG,0.4568484130598964,0.41870393464522127,0.12444765229488228
01_7754.PNG,0.32173828590217235,0.4888820584496302,0.18937965564819753
01_7760.PNG,0.2216512882241501,0.4734619979433203,0.30488671383252963
01_7782.PNG,0.19469858666805015,0.46444800009331244,0.3408534132386373
01_7785.PNG,0.19417318183781615,0.4655602836020783,0.34026653456010547
01_7787.PNG,0.19621025296055125,0.4650006516778525,0.3387890953615963
01_7789.PNG,0.19007192206299248,0.4650515004523964,0.34487657748461126
01_7793.PNG,0.1854818215092295,0.4598721823619012,0.3546459961288693
01_7796.PNG,0.18880612466359498,0.46162870864181904,0.34956516669458604
01_7797.PNG,0.1923550673812493,0.4639241771186229,0.34372075550012776
01_7799.PNG,0.18711954653889698,0.46300049025553935,0.3498799632055636
01_7802.PNG,0.19688285217631932,0.4667562570890616,0.33636089073461906
01_7803.PNG,0.1940635984119082,0.4618202061186121,0.34411619546947975
01_7804.PNG,0.19204106892628292,0.4626884882721458,0.3452704428015713
01_7806.PNG,0.19066551521688013,0.4715386424080045,0.33779584237511523
01_7807.PNG,0.19545567161516658,0.4641785424058034,0.34036578597903006
01_7808.PNG,0.19337715728603072,0.46396555614852586,0.3426572865654434
01_7811.PNG,0.19645039294498098,0.4670854291236177,0.3364641779314013
01_7813.PNG,0.20839100756824563,0.4674706372947335,0.32413835513702083
01_7814.PNG,0.20468679149425126,0.4677405091389081,0.3275726993668407
01_7818.PNG,0.20464838971305516,0.4688974496199381,0.32645416066700655
01_7820.PNG,0.20474634144770112,0.4632768645490067,0.33197679400329216
01_7822.PNG,0.20093030938496453,0.46586208382407857,0.3332076067909569
01_7824.PNG,0.19903678415001494,0.46291052064901234,0.3380526952009728
01_7831.PNG,0.1945208585463974,0.46705600446377765,0.338423136989825
01_7833.PNG,0.1992216002940539,0.4700916681657993,0.3306867315401469
01_7837.PNG,0.19810507123611537,0.4654487030900986,0.336446225673786
01_7844.PNG,0.19667883448664703,0.4656077413458431,0.3377134241675098
01_7845.PNG,0.1966639022387902,0.46464508886101463,0.33869100890019516
01_7846.PNG,0.20387010724803767,0.4676727957842774,0.3284570969676849
01_7847.PNG,0.2056550018195135,0.4679120737386626,0.3264329244418239
01_7848.PNG,0.23109041488096052,0.47585582214702055,0.2930537629720189
01_7849.PNG,0.2183676636455796,0.47720439985370766,0.3044279365007127
01_7851.PNG,0.20805681099700174,0.4700275457308883,0.32191564327210986
01_7854.PNG,0.20354667694699558,0.46897642456914185,0.3274768984838625
01_7855.PNG,0.20403839900404042,0.4679634638985381,0.32799813709742137
01_7857.PNG,0.21672790925280244,0.4679763651422864,0.31529572560491126
01_7858.PNG,0.203471859876979,0.4691022855240488,0.3274258545989722
01_7859.PNG,0.21412006852735546,0.46947428836977034,0.3164056431028743
01_7860.PNG,0.21348506486344365,0.4677209082120429,0.31879402692451353
01_7863.PNG,0.21507343654378794,0.47266896160260824,0.3122576018536038
01_7866.PNG,0.2729511069835713,0.49719985990584553,0.22984903311058327
01_7868.PNG,0.2720016703812405,0.4965914430154242,0.23140688660333528
01_7875.PNG,0.257737992202247,0.4944928131703275,0.24776919462742558
01_7876.PNG,0.2785638824902969,0.49679902811523774,0.2246370893944653
01_7877.PNG,0.2620131801906636,0.5004712815951382,0.23751553821419819
01_7878.PNG,0.29219067926571174,0.505431791907883,0.20237752882640522
01_7880.PNG,0.2743703341958727,0.4962495733266702,0.22938009247745725
01_7881.PNG,0.29500884738015115,0.4954535491039372,0.20953760351591158
01_7885.PNG,0.28306808429989067,0.49024385270486676,0.2266880629952426
01_7889.PNG,0.27256837314495524,0.4741613033827081,0.25327032347233663
01_7890.PNG,0.2498385927272366,0.47794857386919126,0.2722128334035721
01_7891.PNG,0.20850992623806958,0.46988256927944694,0.32160750448248343
01_7892.PNG,0.29816026154221004,0.5020322536595292,0.19980748479826066
01_7893.PNG,0.4148449330899556,0.4446987934995026,0.14045627341054176
01_7894.PNG,0.2672943687110549,0.4981303656896132,0.2345752655993319
01_7898.PNG,0.2819470618420716,0.49085286780821685,0.2272000703497115
01_7900.PNG,0.2841378867473236,0.49621582041430407,0.21964629283837242
01_7901.PNG,0.2116911661678932,0.48206750834251766,0.3062413254895892
01_7903.PNG,0.28056164069817785,0.4998390681628128,0.21959929113900933
01_7904.PNG,0.2862733432333808,0.5013327138890239,0.21239394287759533
01_7906.PNG,0.2064637069821906,0.4597902947231934,0.333745998294616
01_7907.PNG,0.2055765112803456,0.46422358472259573,0.33019990399705856
01_7910.PNG,0.19965322369824565,0.4673338977820827,0.33301287851967176
01_7922.PNG,0.18685274462476148,0.4590601218557268,0.3540871335195118
01_7923.PNG,0.19063079944505504,0.4575160807913371,0.35185311976360784
01_7926.PNG,0.19237074877550128,0.4616464584649463,0.34598279275955246
01_7927.PNG,0.19007526120492108,0.46350549179415806,0.3464192470009208
01_7929.PNG,0.1998896437482272,0.4654554105099401,0.33465494574183263
01_7932.PNG,0.3897958231262,0.4576870037231908,0.15251717315060917
01_7935.PNG,0.3901896090606193,0.4577263776190349,0.15208401332034582
01_7937.PNG,0.39939948122377683,0.45491244533122727,0.14568807344499587
01_7939.PNG,0.3955579917598804,0.4554197700231914,0.14902223821692817
01_7942.PNG,0.4120015820535313,0.44680480399069844,0.14119361395577018
01_7948.PNG,0.40162350113772916,0.44917035256819987,0.14920614629407103
01_7951.PNG,0.40697902666208235,0.4476291688806927,0.14539180445722505
01_7953.PNG,0.42569453710869737,0.44113640474559584,0.13316905814570676
01_7955.PNG,0.27235916223072837,0.497334813388622,0.23030602438064962
01_7966.PNG,0.2950196483324476,0.4978249959233195,0.20715535574423286
01_7973.PNG,0.3521305535574907,0.4708624753217735,0.17700697112073585
01_7977.PNG,0.46497083691180896,0.43435749394174156,0.10067166914644957
01_7981.PNG,0.21858962470082646,0.48465496234763855,0.2967554129515349
01_7982.PNG,0.3747296892588271,0.4695940433529892,0.15567626738818377
01_7984.PNG,0.3784600484031868,0.4674280220428326,0.1541119295539806
01_7989.PNG,0.3764673222327085,0.4701777995416851,0.15335487822560628
01_7992.PNG,0.37852198792557,0.45250299850577247,0.1689750135686574
01_7998.PNG,0.21670930027116508,0.4674959862957927,0.3157947134330422
01_8002.PNG,0.20463334848189305,0.46787026085107775,0.3274963906670291
01_8005.PNG,0.21074962308641018,0.46786570415890527,0.32138467275468463
01_8008.PNG,0.2058307034773557,0.46794617435267283,0.3262231221699715
01_8009.PNG,0.20428649855679687,0.462487664570626,0.3332258368725771
01_8010.PNG,0.20772153140813399,0.4675222480331173,0.3247562205587488
01_8017.PNG,0.3180638245381923,0.48881749727642093,0.19311867818538678
01_8024.PNG,0.20092463051280693,0.4614402275275084,0.33763514195968464
01_8029.PNG,0.21677698334352666,0.4686647597228119,0.31455825693366146
01_8031.PNG,0.20137287125548317,0.46566402988693323,0.3329630988575835
01_8038.PNG,0.1994023168976329,0.4680288365259513,0.3325688465764159
01_8039.PNG,0.2772712148208574,0.48840326886813235,0.23432551631101023
01_8041.PNG,0.1893397390624474,0.45881080595676,0.3518494549807927
01_8043.PNG,0.19373324367260522,0.4615205226163313,0.3447462337110634
01_8044.PNG,0.18172252187811055,0.45748078126923214,0.36079669685265736
01_8045.PNG,0.18623035799846824,0.45482662219824416,0.3589430198032876
01_8048.PNG,0.1883012516221144,0.45370850925818307,0.35799023911970257
01_8051.PNG,0.16943943231133723,0.4527281611769694,0.37783240651169336
01_8052.PNG,0.15323977126080152,0.4447865651032924,0.40197366363590614
01_8055.PNG,0.1448756729719956,0.439938341751243,0.4151859852767615
01_8056.PNG,0.14431769897869273,0.43880322189047993,0.4168790791308274
01_8058.PNG,0.14887807658451715,0.4397325371963445,0.4113893862191384
01_8061.PNG,0.1413101129942549,0.43642140559382697,0.42226848141191803
01_8065.PNG,0.1449173087760071,0.4326943483103749,0.42238834291361804
01_8066.PNG,0.15573647512917885,0.4406125879350059,0.4036509369358152
01_8067.PNG,0.13038231288603647,0.4279625778325807,0.4416551092813828
01_8068.PNG,0.1319696879386853,0.42961653639276604,0.43841377566854867
01_8069.PNG,0.14565582091589496,0.43415519993824275,0.42018897914586223
01_8070.PNG,0.18331835776274327,0.45325951423911703,0.36342212799813967
01_8075.PNG,0.27932574858032505,0.4901667557513425,0.23050749566833234
02_8082.PNG,0.29097710352200756,0.49430104745942854,0.21472184901856387
02_8084.PNG,0.293149497532417,0.4922981149813993,0.21455238748618374
02_8085.PNG,0.345315528907375,0.49077963024546445,0.16390484084716067
02_8086.PNG,0.3441657129437835,0.4898173846041391,0.16601690245207726
02_8087.PNG,0.28565439050176056,0.47648529966633973,0.2378603098318997
02_8090.PNG,0.28059174143853743,0.47732547389127755,0.2420827846701849
02_8091.PNG,0.273636807590779,0.4805024296079897,0.24586076280123123
02_8092.PNG,0.2743219429683559,0.48050233088950817,0.2451757261421358
02_8093.PNG,0.27229706583607577,0.4794419955834753,0.24826093858044881
02_8094.PNG,0.279102394699009,0.47972860687635777,0.2411689984246332
02_8095.PNG,0.2798882945829449,0.48050361467745956,0.23960809073959555
02_8096.PNG,0.27261737357726384,0.48052981649142085,0.24685280993131523
02_8098.PNG,0.2824210008056575,0.47881419150777316,0.2387648076865694
02_8099.PNG,0.27374996855702677,0.47891729394328764,0.24733273749968557
02_8100.PNG,0.27066469704379204,0.4767225542934316,0.25261274866277644
02_8103.PNG,0.2732132256292701,0.4826500998538917,0.2441366745168381
02_8110.PNG,0.3578598709794512,0.4887603949647626,0.15337973405578623
02_8114.PNG,0.3537563449761626,0.49418844394354816,0.15205521108028933
02_8117.PNG,0.28322696846900286,0.48539881186410266,0.23137421966689448
02_8118.PNG,0.2782637968995268,0.48856998765640697,0.23316621544406624
02_8120.PNG,0.29484805237595774,0.4890592970531554,0.216092650570887
02_8121.PNG,0.2760024093036186,0.48060179638736833,0.24339579430901304
02_8122.PNG,0.2754890584626207,0.48181774959403034,0.2426931919433491
02_8125.PNG,0.4568147935649727,0.43242719655631556,0.11075800987871176
02_8131.PNG,0.3680768300180245,0.48010587259402526,0.1518172973879503
02_8134.PNG,0.2414821807909196,0.5268985594483129,0.23161925976076755
02_8135.PNG,0.2315914566804496,0.5289935644772679,0.23941497884228258
02_8136.PNG,0.22907276093204196,0.523439164432914,0.24748807463504394
02_8143.PNG,0.2882213708926066,0.4891513990290668,0.2226272300783265
02_8144.PNG,0.2905133263358676,0.4916675049312298,0.21781916873290252
02_8147.PNG,0.302013959090714,0.49389958696213987,0.20408645394714614
02_8155.PNG,0.26663248285402746,0.4764866295946707,0.2568808875513019
02_8156.PNG,0.2596574250607054,0.47772723425552277,0.2626153406837718
02_8158.PNG,0.4680652500174552,0.42720829223004386,0.10472645775250093
02_8159.PNG,0.45885466244262746,0.4296298265998683,0.11151551095750424
02_8163.PNG,0.3360496604112673,0.4996472411241489,0.1643030984645838
02_8171.PNG,0.24582971260366449,0.5029160901407457,0.25125419725558973
02_8173.PNG,0.29123882932173717,0.49482517958016825,0.21393599109809466
02_8174.PNG,0.2951792300060858,0.4898227647336515,0.21499800526026278
02_8191.PNG,0.27176204970833967,0.49312316269400114,0.23511478759765914
02_8195.PNG,0.2644465948993284,0.48712469718293144,0.2484287079177402
02_8196.PNG,0.2787529649834206,0.49157481187650276,0.22967222314007665
02_8197.PNG,0.2754949731914468,0.48846699040115404,0.2360380364073993
02_8204.PNG,0.2788883359440109,0.49099114343830275,0.23012052061768648
02_8205.PNG,0.2736360950520046,0.4848395544185483,0.2415243505294469
02_8207.PNG,0.17108242157644,0.4541184567860025,0.37479912163755763
02_8209.PNG,0.1563383692228788,0.4482675285556294,0.3953941022214918
02_8215.PNG,0.17038199365906798,0.4572480590293924,0.3723699473115395
02_8218.PNG,0.15645996239819482,0.44744959515653876,0.39609044244526637
02_8219.PNG,0.15624542439638636,0.44857540106690874,0.39517917453670487
02_8220.PNG,0.15651115639537277,0.4477008588571899,0.3957879847474373
02_8221.PNG,0.15572924282608935,0.4494442299548664,0.3948265272190443
02_8223.PNG,0.1606312376716613,0.44994894931816604,0.38941981301017276
02_8224.PNG,0.16062049215990087,0.4498516746688226,0.3895278331712766
02_8227.PNG,0.1552272664138131,0.4471417790941926,0.39763095449199426
02_8228.PNG,0.1575557349083892,0.4480835826994067,0.3943606823922042
02_8231.PNG,0.15554930167746217,0.44955311434462986,0.39489758397790786
02_8233.PNG,0.16542914266262637,0.4541517102721643,0.3804191470652093
02_8234.PNG,0.16078130710852864,0.451481334825162,0.38773735806630927
02_8236.PNG,0.16127978018652775,0.45174289697916453,0.3869773228343077
02_8241.PNG,0.15644238162711632,0.4472300068187423,0.39632761155414126
02_8244.PNG,0.1584717603682762,0.4492093330482666,0.3923189065834572
02_8245.PNG,0.15805317955779663,0.448971674867137,0.3929751455750664
02_8248.PNG,0.1612929070503622,0.4505965806110233,0.38811051233861454
02_8250.PNG,0.16556996794870077,0.45067964943522926,0.3837503826160701
02_8253.PNG,0.15913726531098543,0.4506000155965231,0.3902627190924915
02_8259.PNG,0.1647752368517801,0.4522780668794335,0.38294669626878647
02_8260.PNG,0.15474092011540197,0.44961764756248906,0.39564143232210885
02_8263.PNG,0.1560905357083862,0.448915956179405,0.3949935081122088
02_8267.PNG,0.16062750281870844,0.4510305546655155,0.3883419425157761
02_8268.PNG,0.15455825864787878,0.44724976628973523,0.39819197506238596
02_8272.PNG,0.1625205639193727,0.45089471252427926,0.38658472355634804
02_8273.PNG,0.1789505227933539,0.45361277053207727,0.36743670667456885
02_8274.PNG,0.17533717632718449,0.454391795849846,0.3702710278229696
02_8277.PNG,0.15945943379225583,0.449649241385764,0.39089132482198
02_8278.PNG,0.1608434790935673,0.45070134565936226,0.3884551752470704
02_8280.PNG,0.16276968763711896,0.45133842844330063,0.3858918839195803
02_8281.PNG,0.16032878270515274,0.4494318769731268,0.39023934032172053
02_8285.PNG,0.1594490921166168,0.44893893568825255,0.39161197219513066
02_8289.PNG,0.3585423394231038,0.4749058905128076,0.16655177006408853
02_8290.PNG,0.3619119630713509,0.47392400645827704,0.1641640304703721
02_8291.PNG,0.29855875499819556,0.5090737201419471,0.1923675248598574
02_8293.PNG,0.35625483216351805,0.4704039250319222,0.17334124280455981
02_8294.PNG,0.361915217785261,0.4722779359324826,0.16580684628225645
02_8295.PNG,0.3627539157688448,0.4734458186796141,0.16380026555154104
02_8296.PNG,0.1645493258033608,0.45388262944596985,0.38156804475066947
02_8297.PNG,0.17100973228298852,0.45628395584807285,0.37270631186893866
02_8298.PNG,0.16824704052021608,0.4513040349364873,0.38044892454329654
02_8302.PNG,0.15671560524627084,0.4496064939612563,0.3936779007924729
02_8304.PNG,0.1567953311429985,0.4507878835106313,0.3924167853463702
02_8309.PNG,0.1624956345146834,0.4497747603794379,0.3877296051058787
02_8310.PNG,0.16486166137830086,0.45334328955863723,0.3817950490630619
02_8316.PNG,0.15857364322327225,0.45004347658584465,0.3913828801908831
02_8317.PNG,0.16072014907116428,0.4502643191455957,0.38901553178324
02_8318.PNG,0.16147318024340604,0.451384129785919,0.38714268997067497
02_8319.PNG,0.1623747631705324,0.4506519035405658,0.3869733332889017
02_8320.PNG,0.16008667197101473,0.4515049742504918,0.3884083537784935
02_8321.PNG,0.16171743258694313,0.4504352159806827,0.38784735143237425
02_8322.PNG,0.16163899319408587,0.4500187749354611,0.3883422318704529
02_8323.PNG,0.16205701175964976,0.4497418228089173,0.3882011654314329
02_8329.PNG,0.2567915025967698,0.4808119749390293,0.26239652246420087
02_8330.PNG,0.2566724311596323,0.4825855352936648,0.260742033546703
02_8331.PNG,0.2517694217911505,0.48132362771961423,0.26690695048923535
02_8333.PNG,0.24929386444566004,0.479482407161216,0.27122372839312403
02_8336.PNG,0.24960131170941138,0.4800412042547439,0.27035748403584486
02_8337.PNG,0.24619322388951867,0.48058224037609765,0.2732245357343838
02_8344.PNG,0.3726780081178512,0.4804016768965524,0.1469203149855965
02_8350.PNG,0.4183922375903534,0.43589554564745536,0.1457122167621913
02_8352.PNG,0.373539554977921,0.460909411602126,0.16555103341995295
02_8357.PNG,0.16542024168294234,0.4487317104449108,0.3858480478721468
02_8358.PNG,0.3621365796032017,0.4469834426918851,0.1908799777049132
02_8359.PNG,0.18238650603550008,0.45080246086169984,0.3668110331028001
02_8360.PNG,0.3353630866337914,0.48415452718869256,0.18048238617751605
02_8362.PNG,0.38179918606522567,0.4800473891179456,0.1381534248168287
02_8365.PNG,0.4239777653762262,0.4377987602233481,0.13822347440042562
02_8366.PNG,0.4418217565447528,0.4354991333150651,0.12267911014018208
02_8368.PNG,0.36787792796563756,0.47490121481938036,0.15722085721498205
02_8370.PNG,0.32484336759575133,0.47612227686344905,0.19903435554079962
02_8373.PNG,0.20378012757282135,0.4729407305914079,0.3232791418357709
02_8374.PNG,0.20766441403081762,0.476135552806141,0.31620003316304135
02_8383.PNG,0.35614153207426974,0.4728559582191518,0.17100250970657851
02_8384.PNG,0.3521246261465637,0.47754101228536844,0.17033436156806786
02_8388.PNG,0.33735812478725374,0.4779218316489524,0.18472004356379385
02_8391.PNG,0.2575892575227949,0.48982009747658917,0.25259064500061584
02_8393.PNG,0.26999421642124233,0.48074590306941806,0.24925988050933956
02_8394.PNG,0.2804789190652625,0.4974217369747188,0.22209934396001868
02_8395.PNG,0.28063064553945893,0.5035532636318302,0.21581609082871106
02_8396.PNG,0.1688273415785269,0.45259122847894984,0.3785814299425232
02_8399.PNG,0.16579209248465343,0.4517383076986136,0.38246959981673306
02_8400.PNG,0.16821576495397286,0.4522840198414844,0.3795002152045427
02_8403.PNG,0.15927497120365894,0.4478018103205954,0.3929232184757457
02_8404.PNG,0.15919493923965608,0.44757736693411304,0.39322769382623096
02_8405.PNG,0.15524475524475523,0.4440624067145998,0.400692838040645
02_8406.PNG,0.15706821426238837,0.44726539869900855,0.3956663870386031
02_8408.PNG,0.15412524698328997,0.447469986380578,0.39840476663613206
02_8409.PNG,0.15781881263491832,0.4453902616356182,0.39679092572946356
02_8410.PNG,0.14642227632655838,0.440233285436565,0.41334443823687667
02_8411.PNG,0.14496783950412223,0.4375412183139743,0.4174909421819035
02_8412.PNG,0.1448730594686119,0.43755195259049257,0.41757498794089565
02_8414.PNG,0.14946799935028351,0.4381407723051711,0.41239122834454534
02_8428.PNG,0.38299109052385866,0.4626219789183293,0.15438693055781214
02_8432.PNG,0.22053019604776752,0.49188552348669207,0.28758428046554035
02_8441.PNG,0.36734405972036815,0.4731119275808584,0.15954401269877333
02_8443.PNG,0.47448560222825537,0.42781557769242073,0.09769882007932383
02_8455.PNG,0.17852538445767951,0.45641665971258527,0.36505795582973527
02_8456.PNG,0.18068508670583658,0.45999801703902043,0.3593168962551429
02_8459.PNG,0.18640569536161183,0.45893509429472307,0.3546592103436651
02_8460.PNG,0.1883980607647091,0.4599721785846053,0.3516297606506856
02_8461.PNG,0.18893615139072165,0.4616344983340543,0.3494293502752241
02_8463.PNG,0.18832010563742982,0.4623957855172641,0.34928410884530603
02_8464.PNG,0.18329591964239328,0.4607563001445511,0.35594778021305556
02_8465.PNG,0.18356594710981064,0.4572323745376249,0.35920167835256445
02_8466.PNG,0.18179981983219348,0.45777650304790607,0.3604236771199004
02_8467.PNG,0.18042497495484772,0.45964504829770836,0.3599299767474439
02_8468.PNG,0.17978231076978857,0.45948979317971267,0.36072789605049876
02_8470.PNG,0.17944888011248983,0.45983724983658536,0.3607138700509249
02_8471.PNG,0.18368641762436072,0.45724108779536454,0.3590724945802747
02_8472.PNG,0.18113060916201723,0.458244994687256,0.36062439615072683
02_8473.PNG,0.18116046039293737,0.45913742747974723,0.3597021121273154
02_8474.PNG,0.1804643107360216,0.46038032288842257,0.3591553663755558
02_8475.PNG,0.18240955853389226,0.4602515414903558,0.35733889997575197
02_8476.PNG,0.18262250761046053,0.4568192242265198,0.3605582681630196
02_8478.PNG,0.18180265212670396,0.4583962399193599,0.35980110795393616
02_8480.PNG,0.18086826386867802,0.45939972885719954,0.3597320072741224
02_8481.PNG,0.18045146034497458,0.45638246287889483,0.36316607677613044
02_8482.PNG,0.18245798079597336,0.45779589638970025,0.3597461228143264
02_8483.PNG,0.17891106019024539,0.4588405034666722,0.36224843634308246
02_8484.PNG,0.17902312000254678,0.45930390845659463,0.3616729715408587
02_8487.PNG,0.1763714665211862,0.4549144263704579,0.36871410710835595
02_8489.PNG,0.17593607648960521,0.45601789178009766,0.36804603173029715
02_8490.PNG,0.17345281925474237,0.45637383715936186,0.37017334358589576
02_8491.PNG,0.1744154041784494,0.4572816932067447,0.36830290261480597
02_8492.PNG,0.17611566897670022,0.4547404590467734,0.3691438719765265
02_8493.PNG,0.18097274772585026,0.46022858538224903,0.3587986668919007
02_8495.PNG,0.18149786314125865,0.4591987171524738,0.35930341970626756
02_8497.PNG,0.18103894974627277,0.4606243336866593,0.35833671656706795
02_8499.PNG,0.1804571533556598,0.459764134270326,0.3597787123740142
02_8504.PNG,0.17964755035848784,0.45991893866908484,0.3604335109724273
02_8506.PNG,0.1815476876752738,0.46035550582554463,0.3580968064991817
02_8507.PNG,0.18592461071132266,0.46175904641783966,0.35231634287083774
02_8509.PNG,0.1774309375594862,0.45823202265039514,0.36433703979011856
02_8511.PNG,0.17851729688470194,0.4565417304399068,0.3649409726753913
02_8512.PNG,0.17683467062919195,0.4568235514132574,0.36634177795755063
02_8513.PNG,0.17696649793654637,0.45767599337573595,0.3653575086877176
02_8515.PNG,0.17485676070063777,0.4560604017639386,0.3690828375354236
02_8517.PNG,0.17078274497807788,0.4548581456914836,0.37435910933043853
02_8518.PNG,0.17072297911424214,0.4545657529981708,0.374711267887587
02_8519.PNG,0.17252822730496975,0.4535514594556177,0.37392031323941266
02_8520.PNG,0.17288099193390477,0.4537579198228402,0.37336108824325503
02_8521.PNG,0.16916876311065304,0.45274939547470616,0.37808184141464074
02_8522.PNG,0.16641276915307304,0.4536697361917241,0.37991749465520286
02_8526.PNG,0.17122281281483798,0.45229040263157716,0.3764867845535849
02_8527.PNG,0.1750125251194932,0.4539596658174121,0.3710278090630946
02_8528.PNG,0.1728688013293269,0.4535611837389854,0.3735700149316876
02_8530.PNG,0.16757038604323463,0.4493864720039473,0.3830431419528182
02_8531.PNG,0.16593374053195603,0.451298528063653,0.382767731404391
02_8532.PNG,0.16534004685590908,0.4499951183390943,0.3846648348049968
02_8533.PNG,0.16275678056869017,0.4494064429027254,0.3878367765285844
02_8538.PNG,0.163341177342173,0.4504718705841562,0.3861869520736708
02_8540.PNG,0.17216105843373294,0.45415827845163464,0.37368066311463244
02_8542.PNG,0.17843268306615945,0.45430056978048555,0.367266747153355
02_8544.PNG,0.17996561020729943,0.45490645042167593,0.3651279393710246
02_8545.PNG,0.17861884286168336,0.4554313847982357,0.36594977234008097
02_8546.PNG,0.17834314067631604,0.45621179856671373,0.3654450607569702
02_8547.PNG,0.18293118462206054,0.45709875001346867,0.35997006536447085
02_8548.PNG,0.1826345516562933,0.4571007617301844,0.36026468661352246
02_8549.PNG,0.18128336746140913,0.4581447822830619,0.3605718502555289
02_8550.PNG,0.1842944309062911,0.4590347131494115,0.3566708559442974
02_8551.PNG,0.1819585963213552,0.4586115971771793,0.35942980650146544
02_8552.PNG,0.18198816298868123,0.4579143066985215,0.36009753031279723
02_8554.PNG,0.17921992165682163,0.45611453220431697,0.36466554613886126
02_8557.PNG,0.16795619869647946,0.45180904290475665,0.38023475839876386
02_8558.PNG,0.16588070804186278,0.45057565640088504,0.38354363555725224
02_8559.PNG,0.16196081272231352,0.4477562339827874,0.3902829532948991
02_8560.PNG,0.16150208167041036,0.4477729678650664,0.39072495046452327
02_8561.PNG,0.16088450542844526,0.44922735500413563,0.3898881395674192
02_8564.PNG,0.16471522357426005,0.45042794742164133,0.3848568290040986
02_8568.PNG,0.1698312254749245,0.451655628559527,0.37851314596554847
02_8569.PNG,0.3036959735605306,0.47929817113823064,0.21700585530123886
02_8572.PNG,0.3205821155871762,0.48143806293508407,0.19797982147773963
02_8573.PNG,0.32110218638068183,0.47871656499555726,0.20018124862376083
02_8574.PNG,0.33951342575804316,0.4764753998980313,0.18401117434392564
02_8577.PNG,0.3926364816188941,0.45833351189041843,0.1490300064906874
02_8579.PNG,0.3721262462667248,0.4652820060417947,0.1625917476914806
02_8581.PNG,0.3604544161070849,0.4695290419765546,0.17001654191636045
02_8582.PNG,0.36945684260286576,0.4612307006826215,0.1693124567145127
02_8583.PNG,0.37478865055016464,0.466002678446834,0.1592086710030013
02_8584.PNG,0.3672445759170862,0.468016730738071,0.16473869334484276
02_8585.PNG,0.35618619150358694,0.47021850287269984,0.17359530562371323
02_8587.PNG,0.29509724614459504,0.48515581828179005,0.2197469355736149
02_8589.PNG,0.28572214653221756,0.4904950502988351,0.22378280316894722
02_8590.PNG,0.291124751208824,0.4835371222245803,0.22533812656659571
02_8592.PNG,0.3122189909662076,0.4823374436691582,0.20544356536463415
02_8593.PNG,0.1748887967215485,0.45237141704749106,0.3727397862309603
02_8596.PNG,0.2993714963813672,0.48289214434708044,0.21773635927155244
02_8597.PNG,0.1656340673799055,0.4493328536024082,0.38503307901768635
02_8599.PNG,0.31864191697562866,0.4707378930494995,0.21062018997487184
02_8601.PNG,0.15809694574589453,0.44603985428963483,0.3958631999644706
02_8602.PNG,0.1564969120994865,0.44539549480533785,0.39810759309517574
02_8608.PNG,0.13346455763209839,0.4337496039656567,0.432785838402245
02_8612.PNG,0.13542329728480101,0.43084364250309354,0.4337330602121054
02_8613.PNG,0.14037107168418766,0.4314664857301105,0.4281624425857019
02_8614.PNG,0.13494514144810432,0.4282324327324656,0.4368224258194302
02_8615.PNG,0.2877176666984328,0.43838717385497444,0.27389515944659265
02_8617.PNG,0.2672305355799281,0.4841168039264196,0.24865266049365242
02_8618.PNG,0.2677342378984879,0.4891377569146703,0.24312800518684172
02_8621.PNG,0.26403098480577913,0.48962268736673414,0.24634632782748686
02_8622.PNG,0.26248059844354027,0.4858998956693958,0.251619505887064
02_8625.PNG,0.2096536844506168,0.4474235987480711,0.34292271680131214
02_8626.PNG,0.15906064048803595,0.442601417416229,0.398337942095735
02_8628.PNG,0.14791143692747247,0.44411017685127446,0.40797838622125304
02_8629.PNG,0.14716551474986525,0.44279267274310186,0.4100418125070329
02_8630.PNG,0.15107404377560377,0.44591445573510313,0.403011500489293
02_8631.PNG,0.15946077863961305,0.44393730923032976,0.3966019121300573
02_8635.PNG,0.18595466259183183,0.4466918242089178,0.36735351319925036
02_8636.PNG,0.15595801381915256,0.44237242699678775,0.4016695591840596
02_8637.PNG,0.15506525603421345,0.442090072955168,0.40284467101061844
02_8638.PNG,0.16582372224284378,0.44708280267039013,0.387093475086766
02_8639.PNG,0.17844732788028317,0.4462590259788392,0.3752936461408776
02_8640.PNG,0.15311360260590853,0.44103659633957876,0.4058498010545127
02_8641.PNG,0.15570367198928922,0.4426823661975363,0.40161396181317444
02_8646.PNG,0.16636011350194652,0.44020712807392864,0.3934327584241249
02_8647.PNG,0.16777695210111854,0.4358914997572553,0.3963315481416262
02_8648.PNG,0.15167325499196213,0.4405535824445473,0.4077731625634906
02_8649.PNG,0.1661019492681233,0.439244450787196,0.39465359994468074
02_8651.PNG,0.1683733741419688,0.44055915558814146,0.39106747026988975
02_8653.PNG,0.1560991096356944,0.4395143158539634,0.40438657451034205
02_8655.PNG,0.16861037273102675,0.44086915542801913,0.3905204718409542
02_8656.PNG,0.18324174304575414,0.43951925538615677,0.37723900156808904
02_8657.PNG,0.2045342395067912,0.44672276826791096,0.34874299222529787
02_8659.PNG,0.30421118267815367,0.43580720448520777,0.2599816128366386
02_8663.PNG,0.3665952993203466,0.4481862183953645,0.18521848228428886
02_8678.PNG,0.30635852054928353,0.4720040205200474,0.22163745893066894
02_8680.PNG,0.3683212559066177,0.47825541547381206,0.15342332861957028
02_8682.PNG,0.2825614339925225,0.49488103818856755,0.22255752781891
02_8687.PNG,0.36097089784024894,0.4773739645102304,0.16165513764952075
02_8688.PNG,0.3759804276925827,0.4738640194879242,0.15015555281949317
02_8691.PNG,0.36773196397653674,0.4625889776021066,0.16967905842135683
02_8701.PNG,0.31023365329740415,0.474295671746885,0.21547067495571096
02_8702.PNG,0.3182402037284634,0.4686014573113746,0.21315833896016206
02_8703.PNG,0.31436900679559104,0.46737080121933294,0.21826019198507607
02_8704.PNG,0.2773619148004568,0.4866664957156527,0.23597158948389055
02_8705.PNG,0.31333475396641813,0.4815504520148169,0.20511479401876503
02_8706.PNG,0.2889213971274573,0.48573089648845935,0.22534770638408333
02_8709.PNG,0.25210780270071753,0.44401672410870674,0.30387547319057573
02_8710.PNG,0.40482174693945344,0.4453273281719399,0.14985092488860657
02_8712.PNG,0.18499208068799716,0.46379193477474406,0.3512159845372588
02_8713.PNG,0.17949814546944032,0.45626238818736514,0.36423946634319454
02_8714.PNG,0.1775899604231828,0.4532417667501431,0.3691682728266741
02_8716.PNG,0.2870279516858713,0.48963491821988414,0.2233371300942445
02_8717.PNG,0.263543606973402,0.49078923699160343,0.2456671560349947
02_8718.PNG,0.26102695848338453,0.4912604242522937,0.24771261726432167
02_8720.PNG,0.1724551328209812,0.44628978802004843,0.3812550791589704
02_8724.PNG,0.15544219841337642,0.4375351658354518,0.40702263575117165
02_8730.PNG,0.15060716154574294,0.4339049602605237,0.4154878781937334
02_8734.PNG,0.15329761854114785,0.43676461706759284,0.40993776439125934
02_8749.PNG,0.1908270594568448,0.43145525328257023,0.37771768726058497
02_8750.PNG,0.20913347498057058,0.4276868821367767,0.3631796428826528
02_8751.PNG,0.1938518516698945,0.42261896197841786,0.3835291863516876
02_8752.PNG,0.20558098018645218,0.42209836972317005,0.3723206500903777
03_9166.PNG,0.3197297620868778,0.47015543834677975,0.2101147995663423
03_9168.PNG,0.36943820783570136,0.4746285157821347,0.15593327638216384
03_9170.PNG,0.28354325096518024,0.4745341183835165,0.24192263065130318
03_9171.PNG,0.28417563540266216,0.47488888404368174,0.2409354805536561
03_9172.PNG,0.3585937660734492,0.4720769468161712,0.1693292871103796
03_9175.PNG,0.34631499566943225,0.47739392352163645,0.17629108080893133
03_9177.PNG,0.25987135422910246,0.471305949990065,0.2688226957808325
03_9178.PNG,0.2998049449031216,0.47634138443408447,0.22385367066279388
03_9179.PNG,0.3267986930031953,0.47704816277038786,0.1961531442264169
03_9181.PNG,0.38084858633395796,0.46821775754342954,0.15093365612261248
03_9183.PNG,0.34891565766003657,0.46492358991485255,0.18616075242511088
03_9186.PNG,0.38709089609832786,0.462467247868134,0.15044185603353818
03_9187.PNG,0.3608472687483087,0.4719848110309339,0.16716792022075738
03_9189.PNG,0.37827158375397407,0.4577943650827697,0.16393405116325627
03_9190.PNG,0.3390975092923889,0.46897111295277133,0.19193137775483973
03_9191.PNG,0.35100734354008606,0.47016504306176626,0.17882761339814776
03_9192.PNG,0.3531021360029502,0.47023152246086575,0.17666634153618416
03_9193.PNG,0.21136543483589487,0.5018376955313304,0.2867968696327747
03_9194.PNG,0.20792779225183614,0.4803059000030177,0.311766307745146
03_9202.PNG,0.21939373926170164,0.49127926031124924,0.28932700042704906
03_9204.PNG,0.22338246116514512,0.47809800372602457,0.29851953510883045
03_9205.PNG,0.2885337762808924,0.4758607651857902,0.23560545853331744
03_9206.PNG,0.19461941941019148,0.4643272807650687,0.3410532998247399
03_9211.PNG,0.20128706080506298,0.4675540694471528,0.33115886974778425
03_9212.PNG,0.19491614468938964,0.46391408389598415,0.3411697714146262
03_9220.PNG,0.2625616215281427,0.5002983459699426,0.23714003250191465
03_9224.PNG,0.4138355507892512,0.4471018197537961,0.13906262945695272
03_9232.PNG,0.23400501690765163,0.4815304112075452,0.2844645718848031
03_9233.PNG,0.2109242594402229,0.4709692788627491,0.31810646169702805
03_9234.PNG,0.1989512807815941,0.46819722170753236,0.3328514975108736
03_9235.PNG,0.19886763604070856,0.4684532547279875,0.3326791092313039
03_9238.PNG,0.2107365139958206,0.4772026723074185,0.3120608136967609
03_9239.PNG,0.20860544243735277,0.47272834978563877,0.31866620777700844
03_9241.PNG,0.1922317345966658,0.4643000209728716,0.3434682444304625
03_9243.PNG,0.1985202915155095,0.46662126987315566,0.33485843861133474
03_9244.PNG,0.21157200994088662,0.47433004115344024,0.3140979489056731
03_9245.PNG,0.19755027663917862,0.4672993854892553,0.335150337871566
03_9249.PNG,0.19648972467872886,0.4677893960826815,0.33572087923858973
03_9252.PNG,0.19602066235127127,0.46643536006698044,0.3375439775817483
03_9253.PNG,0.20185243980144135,0.46902371092685197,0.3291238492717067
03_9259.PNG,0.20939970584433507,0.47281715186048223,0.3177831422951828
03_9262.PNG,0.21756182166331126,0.479345967599749,0.3030922107369396
03_9270.PNG,0.1762386116353195,0.4564239857696232,0.36733740259505726
03_9271.PNG,0.19484795298674112,0.471660654296098,0.33349139271716094
03_9276.PNG,0.1904585430028433,0.46733688385992306,0.3422045731372337
03_9281.PNG,0.1813279400157853,0.4671913406246476,0.35148071935956704
03_9283.PNG,0.19803796331864232,0.4631038456555389,0.33885819102581877
03_9284.PNG,0.17758382701019637,0.46330619430578246,0.3591099786840211
03_9285.PNG,0.1914990291840677,0.4672289619304422,0.34127200888549003
03_9288.PNG,0.17468500277485322,0.46220223617388473,0.3631127610512621
03_9292.PNG,0.1834197178744002,0.46636071211639374,0.3502195700092061
03_9293.PNG,0.15256718892284193,0.4600647428841787,0.38736806819297936
03_9300.PNG,0.18827979669461284,0.46936253697509356,0.34235766633029363
03_9302.PNG,0.21394905076422474,0.4798388629676282,0.30621208626814717
03_9304.PNG,0.20880054129028433,0.4749172550850705,0.31628220362464526
03_9310.PNG,0.21944238643714967,0.47566688471504925,0.304890728847801
03_9311.PNG,0.1998491055871881,0.46898270139899795,0.3311681930138139
03_9313.PNG,0.1962191088175086,0.4684432163415529,0.33533767484093846
03_9317.PNG,0.20278067653763285,0.4749487718607131,0.3222705516016541
03_9322.PNG,0.2231697309199896,0.4777914268869327,0.2990388421930777
03_9324.PNG,0.21949297005889185,0.4804586172956902,0.30004841264541804
03_9325.PNG,0.2250624929161942,0.47738275315070944,0.2975547539330964
03_9328.PNG,0.21261406788120643,0.4771142597490261,0.3102716723697676
03_9330.PNG,0.22270749240192758,0.4779166611245717,0.2993758464735007
03_9334.PNG,0.22282202019583536,0.47767607634347586,0.2995019034606887
03_9337.PNG,0.20324011751650872,0.4728853243831596,0.3238745581003317
03_9338.PNG,0.20897348341729832,0.4755137580904987,0.31551275849220295
03_9340.PNG,0.19198907753619787,0.47548846833085173,0.33252245413295045
03_9341.PNG,0.21070051396402179,0.4794557053578109,0.30984378067816726
03_9342.PNG,0.2108958575001788,0.47838792889940496,0.3107162136004163
03_9345.PNG,0.1961487332064024,0.47595575596145323,0.32789551083214435
03_9347.PNG,0.19527572798440976,0.4721253228993707,0.33259894911621946
03_9353.PNG,0.20416538470860712,0.47684096618796723,0.3189936491034257
03_9361.PNG,0.18416355538088688,0.46330022567986806,0.3525362189392451
03_9362.PNG,0.16710623777036845,0.45806551460633954,0.3748282476232921
03_9375.PNG,0.18104926104654234,0.4614539283293399,0.35749681062411764
03_9378.PNG,0.19254122892367564,0.4639078081443802,0.343550962931944
03_9381.PNG,0.19107825746522417,0.46421232980378624,0.3447094127309896
03_9383.PNG,0.203101421691991,0.4683510163003799,0.3285475620076292
03_9384.PNG,0.1945912996023918,0.46572122530710075,0.33968747509050745
03_9385.PNG,0.20079091976099017,0.46591175842936405,0.3332973218096457
03_9386.PNG,0.17455245143193454,0.45921607705929507,0.3662314715087704
03_9389.PNG,0.19807061319920627,0.4667123799045131,0.33521700689628076
03_9394.PNG,0.22224467810928022,0.4687037040470659,0.3090516178436538
03_9396.PNG,0.20686449611386937,0.4650930978168849,0.3280424060692458
04_9417.PNG,0.20235822288220595,0.47288680020000645,0.3247549769177875
04_9419.PNG,0.19700298238388986,0.47266325941353815,0.3303337582025719
04_9420.PNG,0.2003261549809298,0.4704296118250226,0.3292442331940476
04_9421.PNG,0.19892866006370644,0.4710886831391709,0.3299826567971226
04_9422.PNG,0.2007235066902346,0.4696358911407774,0.329640602168988
04_9424.PNG,0.20168545587422362,0.4692040761522056,0.32911046797357063
04_9425.PNG,0.1974768152202033,0.4679490657271874,0.3345741190526093
04_9427.PNG,0.2033694643779221,0.47149497654711625,0.3251355590749615
04_9428.PNG,0.20009389613841497,0.473865971855662,0.3260401320059231
04_9432.PNG,0.19988253234081096,0.4697877942768248,0.33032967338236413
04_9434.PNG,0.19967137479822475,0.4695972643574203,0.330731360844355
04_9436.PNG,0.19878063777829877,0.468780195541404,0.33243916668029727
04_9437.PNG,0.19957955910003128,0.4689707322721657,0.33144970862780293
04_9438.PNG,0.20178544619384842,0.4681825151169588,0.3300320386891928
04_9440.PNG,0.19700858054244957,0.46891561176323754,0.334075807694313
04_9443.PNG,0.19635845057653037,0.4691424724070997,0.33449907701637
04_9444.PNG,0.19340451235618705,0.4692749174918599,0.33732057015195316
04_9448.PNG,0.19612987351675576,0.469964909230524,0.3339052172527201
04_9450.PNG,0.19689686136378268,0.46986975510492823,0.33323338353128923
04_9451.PNG,0.19950498388558321,0.46890496746324767,0.33159004865116903
04_9452.PNG,0.2009361472561943,0.4688090274291356,0.3302548253146701
04_9454.PNG,0.19776697081502395,0.4678885236339574,0.3343445055510186
04_9456.PNG,0.19839647654746292,0.4689296327190055,0.3326738907335316
04_9457.PNG,0.19705687196421076,0.47020598008366726,0.332737147952122
04_9458.PNG,0.19880568268932064,0.4692311263009371,0.33196319100974225
04_9462.PNG,0.19744242689551386,0.46985331550592724,0.3327042575985589
04_9463.PNG,0.1963368215899269,0.46801966169957193,0.33564351671050124
04_9464.PNG,0.20004100391361077,0.4694343520250157,0.33052464406137344
04_9465.PNG,0.1984975887915001,0.4686690463197051,0.33283336488879484
04_9466.PNG,0.2001681264545875,0.4685743023486312,0.3312575711967814
04_9467.PNG,0.19911051502824714,0.4666923938280118,0.334197091143741
04_9469.PNG,0.2001044930359375,0.4682993346881653,0.33159617227589716
04_9470.PNG,0.19512724827074057,0.4665980100478416,0.3382747416814177
04_9473.PNG,0.19529802225689985,0.46734965458860794,0.3373523231544923
04_9474.PNG,0.19360643124832191,0.46649940246669575,0.3398941662849824
04_9475.PNG,0.19141427497856792,0.4675963451964589,0.3409893798249732
04_9477.PNG,0.19562028419108896,0.46704899668542477,0.3373307191234863
04_9479.PNG,0.19374980595225846,0.46861272453987096,0.3376374695078706
04_9480.PNG,0.19554662381254898,0.4686458182448593,0.33580755794259176
04_9484.PNG,0.19764799543640904,0.4687560836560827,0.3335959209075082
04_9486.PNG,0.19504067382473006,0.4674275952000204,0.33753173097524947
04_9488.PNG,0.19875101182602517,0.46734578290655665,0.33390320526741823
04_9490.PNG,0.19259966403621034,0.468555040109998,0.3388452958537916
04_9491.PNG,0.19405328235614772,0.46945624043756,0.33649047720629227
04_9492.PNG,0.19101722333238177,0.4649150816055374,0.34406769506208085
04_9493.PNG,0.1893034642625782,0.46690208640436076,0.343794449333061
04_9494.PNG,0.1927537658875368,0.4664669685581722,0.34077926555429094
04_9495.PNG,0.19013909879159777,0.4673275493290633,0.342533351879339
04_9496.PNG,0.19194674860753935,0.46561857982155136,0.3424346715709093
04_9497.PNG,0.19715794406090803,0.4655951181029954,0.3372469378360967
04_9498.PNG,0.1941655455072457,0.46685936683630463,0.3389750876564497
04_9504.PNG,0.1977920129793181,0.467634078031984,0.33457390898869804
04_9505.PNG,0.19909535377170925,0.46655389895108457,0.3343507472772061
04_9513.PNG,0.1680130544781274,0.45608452849519276,0.3759024170266798
04_9516.PNG,0.19248741999753616,0.4685825851837832,0.33892999481868075
04_9529.PNG,0.21796970805168372,0.4753282903066163,0.3067020016416999
04_9530.PNG,0.21593433263445908,0.47281344417484894,0.31125222319069196
04_9547.PNG,0.21763666680993773,0.4761263033533142,0.30623702983674816
04_9565.PNG,0.16216316213907334,0.4594251623790167,0.37841167548190996
04_9574.PNG,0.15545306032991577,0.4502977655839916,0.3942491740860926
04_9575.PNG,0.2092597645158369,0.47229948217635165,0.3184407533078114
04_9600.PNG,0.20754770812009854,0.470886743563926,0.32156554831597534
04_9604.PNG,0.21067747123597086,0.47266472277930666,0.31665780598472254
04_9609.PNG,0.20806920962521203,0.47338417272629507,0.3185466176484929
04_9613.PNG,0.20261425457624385,0.4707252463627853,0.32666049906097083
04_9616.PNG,0.18124490243307975,0.4678172814156496,0.35093781615127057
